,당기순이익/총자본,영업이익/총자본,판매 및 관리비/총자본,총자본,영업현금흐름/총자본,최대주주비율,차입금의존도,매출총이익/총자본,매출채권/총자본,BW금액+CB금액+유상증자금액/총자본,경영권분쟁소송+불성실공시법인지정카운트+조회공시요구카운트,결산기간_주가변동률,결산기간_거래량증가,최대주주변경카운트,최대주주비율_변동성,타법인주식및출자증권취득결정금액+특수관계인에대한자금대여금액/총자본,상호변경카운트+업종변경카운트,최대주주변경을수반하는주식담보제공금액+최대주주변경을수반하는주식양수도금액/총자본
2012-01,0.208476489577659,0.17976268736966247,0.11039804064555932,0.11539076387511187,0.06498894048278295,0.07741391910846496,0.05333902953687153,0.07384033897990004,0.03371846040432473,0.03405944595559849,0.013029148860642086,0.011292501954098585,0.0009562464744938418,0.002928267887629911,0.0185956471529307,0.00024132338920859213,0.0009361494558722367,0.0006325988891887233
2012-04,0.1821162643649291,0.21646108539782835,0.07867160136069962,0.026066322107845916,0.08952230423213921,0.014474355391180513,0.04074225721813263,0.25319806321834415,0.07231775183980407,0.007948751822675274,0.0037626227502114322,0.007994112872769306,0.001377032355218586,0.0003215758921892861,0.0032709217878960756,0.0005232496550571969,0.0010804481142784794,0.00015127961880089633
2012-07,0.20852015071339475,0.18063054886775495,0.12029073644381855,0.0979638683481169,0.07863236779333581,0.07833735176157441,0.053586575206920145,0.06843486815297134,0.04045388231017296,0.032982466584608,0.016627124659828435,0.006656873733137265,0.00021679849439934105,0.0029396291217114604,0.010433153921215101,0.0018213031340891205,0.0009563839090112607,0.0005159168439400536
2012-10,0.20752434035411196,0.19345610220629586,0.11336085745087168,0.0850031384602347,0.08836636008566733,0.08066129223282201,0.060439882319418436,0.06920418501475109,0.03830294008277861,0.03262886329041926,0.01103965851629385,0.005072049736570774,0.0017434069546254918,0.0016828825098153147,0.007165292684573995,0.0028669004211086223,0.0010261904875524237,0.00045565719208877923
2013-01,0.22191996015516513,0.1963747690634003,0.10985845766819333,0.08111357838779051,0.0806501502879424,0.07376447205312701,0.07278947871875312,0.06935398511058104,0.04580395141827616,0.022483673311620597,0.010524043196140238,0.00572868059395673,0.0023337459816324467,0.0021019027714794113,0.0020425181234122146,0.0017444003443226603,0.001004197494165845,0.00040803532004084984
2013-04,0.21076867978285785,0.20152385871622697,0.09515655713818409,0.07924486096595856,0.09960428527438706,0.07140683206753028,0.07099511605283064,0.07122413530486076,0.04252949044914419,0.030885943179328017,0.01148316009863471,0.005658935693657308,0.0019218733756336823,0.0025776788889015677,0.001455059840481487,0.0010657199533035606,0.002054547553894135,0.000443265664185208
2013-07,0.21582636745096406,0.1993103564251568,0.10063846784709551,0.06661258840558137,0.08486438825254612,0.06487518829898344,0.08687390680152371,0.07061331252782714,0.05250750570785377,0.0332687274028101,0.009471686880328968,0.004164515831943447,0.0033683000501478545,0.0023019918273252285,0.002884268040604407,0.0016855120748942604,0.0005015696287622057,0.00023134654565149833
2013-10,0.21654668498310026,0.19702536943335705,0.10250935535945732,0.0838572453734743,0.07474713837655288,0.07661809229613674,0.08398802331497487,0.07248550260448183,0.04663049037163193,0.02041373060729975,0.0073386737902957355,0.00626750958901524,0.0003712717074503196,0.0024742085675113754,0.006216871553266819,0.0019492894409048412,0.0003736229225827956,0.00018691970850602744
2014-01,0.1509450662005289,0.20174128929570978,0.11850751001187504,0.026722216812423785,0.08687889247398758,0.018431827129741486,0.025900980620268556,0.29789605353922555,0.057006243934091226,0.0045814938722297666,0.0018703627189779087,0.0030060085631999087,0.0019304384721829273,0.00024242232576947146,0.0036185270494320256,0.0002978399976351718,0.0004181401311924021,4.686851528520176e-06
2014-04,0.21993817770573534,0.21609616754788366,0.09222589997922913,0.08324670355847463,0.10221702180151414,0.06559423658762131,0.060474107577959874,0.07927703792369903,0.03273869272057998,0.0178648998438451,0.012352262393033615,0.009097249436910537,0.0018831030344984233,0.0008860288525867164,0.0028458817392624956,0.0018439956501186841,0.0009711040867702261,0.0004474295602772
2014-07,0.21309680979129847,0.19993150892964956,0.09886647067414349,0.0915293138976968,0.09106237843059875,0.07158182475410686,0.06488706096487132,0.0696420105257718,0.03911620691195465,0.022241170269670672,0.01740444103890668,0.006632404924729926,0.003525653377027743,0.00282505259521317,0.0029626971902932584,0.0019386880678547254,0.0016879471988307927,0.0010683604573812552
2014-10,0.2093266581964068,0.208852842587023,0.08689952505477301,0.08925979322876815,0.0922111588238538,0.06940158920562922,0.061058628232990714,0.07335403547308861,0.034923110709610156,0.026233844989863857,0.022544489257406243,0.005608862390903333,0.0029575621735747947,0.00351777745086062,0.007710136113194699,0.0023559031195981646,0.0016787995407375636,0.0021052834517174507
2015-01,0.19311653488639988,0.2074728605739111,0.08700124243011471,0.11287616354189123,0.07469188877751264,0.0736577460297218,0.05325921138234468,0.07477949747828934,0.025961127021516425,0.03371036306171332,0.025315155638766424,0.013585802390201627,0.0008151653913092165,0.005485031933465165,0.012226255069289996,0.001495195115550495,0.0021042983976157807,0.0024464608803862905
2015-04,0.17299640540961952,0.1878415975077543,0.0943545231032436,0.11101245416859878,0.0931788143582438,0.07919967042766897,0.05255898316532873,0.06960693547933298,0.03055760572401232,0.04689543155154478,0.028359982100161312,0.013199823003824818,0.0008239146671302434,0.006649898366305203,0.006117892853082005,0.0017526033807605266,0.0016087944568676307,0.00328467027652033
2015-07,0.1766383830438955,0.1906569833194881,0.07860862813800044,0.12117727224157249,0.08849086329053413,0.08262771867678399,0.05167551230852635,0.07425288554336695,0.024263119688751975,0.043795514240406105,0.02049771575365443,0.012883833614037152,0.0019204739693710164,0.006392022078229197,0.016972217551998296,0.0023596133236408806,0.002212164466047486,0.004575078751695483
2015-10,0.184123640896268,0.17944749044307418,0.07870584803910786,0.1211876697189093,0.0782094590620002,0.0817060370468264,0.04851758687409409,0.07377887796210214,0.026515148104792323,0.04645809340124916,0.025157992606149322,0.013710459310143319,0.002975771754635111,0.0070769556361852505,0.02297007205716941,0.003276246690400001,0.002041265968864038,0.004141384428029923
2016-01,0.1754805965695499,0.1603638339250206,0.08369767195927114,0.12393757936436245,0.0894570520759114,0.08555091944072307,0.05294385809690378,0.06315554087875404,0.03288434203486514,0.056656559602670506,0.017548237394490344,0.01650810879989908,0.0022520945962240238,0.008688899888524199,0.020114534474985856,0.004987670234010903,0.0015912618984738594,0.004181238765359779
2016-04,0.10205838758470964,0.147958379595091,0.13998413161207296,0.05110694320217838,0.0926602079694211,0.021272907520354992,0.018132847233924526,0.2975332938302202,0.08169612495918838,0.009016120665251107,0.00876881963451087,0.013287557920216804,0.005065898491213632,0.0020612782308230683,0.006681091147747098,0.000353486496657329,0.001520318933860159,0.0008422049725587503
2016-07,0.10590004527599554,0.1536663771315192,0.1324846770828667,0.05482324503574066,0.08250466086939603,0.025952596559851205,0.020411895688334653,0.29338881422137947,0.09021807751423956,0.009662706383339072,0.007273758425754063,0.010809300093001713,0.003907355280419935,0.0017321715717968245,0.005131836732128621,0.00031784939755372213,0.0010174958527311235,0.0007971368839518473
2016-10,0.19696342464727754,0.16957346563529838,0.08712315862834388,0.12407799749443045,0.10327370526424144,0.08847455486598478,0.03524662137146425,0.05981798770943154,0.01954876903215974,0.045173832656137926,0.01739180575409047,0.020747917134957477,0.0022317290663768363,0.008501624052672541,0.01167516577791684,0.004700561162289083,0.00040107101037260747,0.005076608736554234
2017-01,0.1974452972278284,0.17508997148774105,0.09190958580180572,0.12845848277766742,0.07914163199016427,0.1000418538596674,0.036681939344056044,0.061457650070023614,0.022859190185962358,0.03679464081628332,0.0188782503043046,0.024826702076398557,0.0012047902476458598,0.006266281726214691,0.012427068684670632,0.0021905930751959244,0.0002984955095998791,0.004027574814770203
2017-04,0.19542585168332552,0.16285947779292545,0.09522597758155424,0.12160563078169465,0.09679447622773146,0.09965102929072289,0.03860521756668614,0.062400972001581956,0.02147123739485449,0.04278368814299976,0.013398533306063254,0.023776839187953133,0.0017543580432349362,0.00685677728517426,0.011456514305168006,0.001498453622607236,0.00015580177710548118,0.004279164008616976
2017-07,0.1870057391123965,0.1645566809107442,0.09345676399527092,0.13177573932954695,0.08917243912791392,0.09739069387614896,0.03843819043815228,0.06354113175246844,0.021587277534575858,0.04136470779227476,0.014996422860911985,0.024296068434929007,0.004877852997836228,0.008670097025527814,0.008878301130884177,0.0034691181936544915,0.0009617476195208519,0.005561027867242659
2017-10,0.1847503759653558,0.1721822731794659,0.08933081317571599,0.12145316975759018,0.08065443881649685,0.09249203588256089,0.047758963223933186,0.06590670625104887,0.021038779763343857,0.05072970234800191,0.011665043814013117,0.019895047860351102,0.007559472887888809,0.008454644529112057,0.016961990902282814,0.003864994539107125,0.00044023209484265525,0.004861315008888863
2018-01,0.17551374924903929,0.1706489392441192,0.08757412361423528,0.12077298472965167,0.08589444716625112,0.09550045835757245,0.05050852654233175,0.06579806953546263,0.021942117290703726,0.04685186873437201,0.009582030263224942,0.020323790638217255,0.00842040928056947,0.009264511840852195,0.022096883691212012,0.0035221515574968515,0.0003954804606307764,0.005389457804057402
2018-04,0.16975397686613886,0.17099835211288336,0.07442364757387923,0.11348942473157675,0.1126281308267276,0.09565575557885232,0.049011521032777866,0.07116636951700071,0.017788729250454632,0.059746665938676544,0.012128906252779067,0.021772951796814037,0.007001369066520766,0.008105236539809439,0.005832340027558532,0.0048454652463966715,0.0005058740950798612,0.005145283546073765
2018-07,0.1776953235624642,0.1773803502624199,0.08307933765817525,0.1146629374994937,0.10586790619177316,0.09722537870823819,0.050575434263910174,0.06757307259154492,0.0185595004417099,0.04927420369332699,0.01021243022422747,0.019132660026273163,0.006749722521147971,0.006031099378013731,0.009116242700175362,0.0036354973319506884,0.00036907635640776433,0.0028598265887474802
2018-10,0.17652946348501383,0.18092457267305617,0.09142928922237298,0.12330381693013302,0.11274821992637414,0.08814831277789859,0.048406983661971444,0.06430328519085239,0.0186357023311079,0.04205472256055857,0.009687443478301685,0.02011727083972321,0.007434078317966068,0.004955789880974848,0.005076911611615074,0.0024997778091129697,0.001112305459380862,0.0026320538435862582
2019-01,0.1928724910022659,0.1944260772782878,0.09923499815204116,0.12014456673902643,0.09796803347022293,0.07953914021938807,0.04761585103160108,0.06296416081794354,0.019675092594125483,0.03962568390046803,0.009085410842663661,0.015499956204488474,0.006275395381991164,0.005101367431010819,0.003037654388720673,0.0027914032444878484,0.0009004376409807002,0.0032422796602863714
2019-04,0.18881995708262986,0.17470836463682116,0.1095270381893504,0.11898775759368266,0.08841210337913029,0.08105952793710718,0.05103311256142247,0.06131420746183164,0.022923105156865017,0.033117501703899425,0.011851806255907597,0.018857144289864847,0.0070066631506118535,0.008863971984193277,0.01527658822555785,0.003835387650846823,0.0006407651605272386,0.0037649975797504243
2019-07,0.1938513533342191,0.1896621369435991,0.10132686998226548,0.11280278535002089,0.0809418950979547,0.08191580961674942,0.053968303234986026,0.06570283205716247,0.02202480682226861,0.04113243485831058,0.012521282351905041,0.013242698247960826,0.003942148064261985,0.008028382854507386,0.010450634966515028,0.003560974857899227,0.0013120523932404723,0.003612598966173517
2019-10,0.20091131984675675,0.18741604217121538,0.09046702172709527,0.11193720961519057,0.09390007540346065,0.09902219390597584,0.04296707024562883,0.06812448961592835,0.018978766207588652,0.032566382144558835,0.01416019121372942,0.015485346897622997,0.0005050293493750473,0.0075213387481660645,0.008276798578329428,0.003528561662211753,0.0013404286277796215,0.002891734039386604
2020-01,0.20364646147910948,0.21143067195168944,0.0054842175271356325,0.13460498080294098,0.11178480814402995,0.08911174880829593,0.03466075869987894,0.06274836815697839,0.016216703012869812,0.031290522513641575,0.011673320044007817,0.06049486223168289,0.0046011646745631,0.004891446029165167,0.011565027134189458,0.0014066307149930896,0.0017593110185347872,0.0026289970562937567
2020-04,0.18356501287743646,0.18174051527197027,0.08927349850839142,0.11394717125553132,0.10716067291806883,0.09370591549146366,0.04176802701516307,0.06874039591522274,0.019307600422022186,0.04496573318998435,0.009898424518036306,0.015537234770915528,0.0021566019122931115,0.005087162630980781,0.01724312621960839,0.0029458730855594023,0.0012186342191454868,0.0017383997782067554
2020-07,0.18416339392504735,0.1786760060820398,0.08773174876309307,0.12205387321134212,0.09800038810259448,0.09591060959646613,0.04021020495566938,0.07090164756780946,0.01803070139634334,0.04857543254206673,0.008980752599046854,0.019253640980841914,0.0016551598306420265,0.004717833707462017,0.015557757826637873,0.0018948228295748346,0.001569196217493381,0.002116829865829233
2020-10,0.10834756410783711,0.15571914240199158,0.08829222272898353,0.05964275687775999,0.10991202744387298,0.04547392267985607,0.02264662540956391,0.2589786601319916,0.09342313232264263,0.0221617705161553,0.005904344612252734,0.019091719126690165,0.00016567673679351437,0.003470129794216724,0.00487210009725136,0.00029702153386124386,0.0005160573575249695,0.0010851261207545303
2021-01,0.18468831904184568,0.17494861700260905,0.10673216847291235,0.11999990303153005,0.08898368434090581,0.07301411706012917,0.059760893936978136,0.06288881159799367,0.022804856472264972,0.06761522414161177,0.005717250636902497,0.01775402877167645,7.204883274672471e-05,0.0032989866665479135,0.008734965590404604,0.0014789495800225717,0.00032362128630914914,0.0011835535366093678
