,당기순이익/총자본,영업이익/총자본,판매 및 관리비/총자본,영업현금흐름/총자본,총자본,차입금의존도,매출총이익/총자본,최대주주비율,매출채권/총자본,최대주주변경을수반하는주식담보제공금액+최대주주변경을수반하는주식양수도금액+타법인주식및출자증권취득결정금액+특수관계인에대한자금대여금액+BW금액+CB금액+유상증자금액/총자본,경영권분쟁소송+최대주주변경카운트+불성실공시법인지정카운트+조회공시요구카운트+상호변경카운트+업종변경카운트,결산기간_주가변동률,결산기간_거래량증가,최대주주비율_변동성
2012-01,0.21235114544941083,0.18337045835240673,0.10553361071043181,0.06664228420414266,0.11619182977221562,0.04937254713761069,0.07374988152343473,0.0800937882036511,0.0290152842119749,0.033049597304156283,0.022297162472449047,0.01074762284642367,0.0009519294371143198,0.016632858374577716
2012-04,0.15804608702725687,0.20591089690057457,0.09606683158650137,0.0881679024239444,0.018760684747762876,0.03973640031646398,0.27302994847255635,0.008609319216216117,0.0922880230719769,0.0072460478262649656,0.0028702635411026467,0.0061182412937724855,0.001609772604104857,0.0015395809715016983
2012-07,0.16826759943264105,0.21954964680307953,0.03203892869615568,0.08230212128055217,0.09382514427624175,0.024415906961927476,0.19200940287148877,0.025337673218003683,0.06375040799767348,0.005105754096436043,0.004646850951964364,0.06899239871118416,0.012222825439328984,0.007535339263323087
2012-10,0.21025375313700734,0.1868940026006638,0.11968147056756481,0.08371835990045134,0.0797050458223926,0.06322899578906967,0.06895336283192192,0.07798744188166726,0.03960824205634724,0.04205815960464294,0.01645871796221274,0.005347934332247596,0.0005291396373156197,0.005575373876495069
2013-01,0.22182313652476143,0.19461459037609927,0.10872522240975102,0.08092860960693239,0.07458305932201724,0.07190099100111526,0.06957755087267459,0.0684507917966084,0.04968949001067088,0.0311961484158724,0.01881849882764507,0.004648961470763756,0.0027873225773811564,0.002255626787707194
2013-04,0.21057664421171735,0.1987826595151612,0.09432259909040501,0.09473420540398993,0.07220721427565897,0.07336984107797263,0.07216735385801137,0.07177578832394178,0.042801632029472986,0.038882771423678124,0.02189745249291483,0.005089542774318597,0.0015160828645194666,0.0018762126582377726
2013-07,0.21133472114413238,0.20713795850118857,0.0934330207764466,0.09120016248150242,0.06730875237484532,0.07222207538603423,0.08006995813020258,0.06665214393954548,0.04467960844002703,0.03760518134256266,0.01787009238782261,0.0035514973142882094,0.002453885790989453,0.0044809419904124825
2013-10,0.21528745656768883,0.1967974203153436,0.09544352016935188,0.07511524593779431,0.07919113896905253,0.0863816728678575,0.07378843917046243,0.07754226143525939,0.047877809561676817,0.029007747763505027,0.013223058417607986,0.005818692383449689,0.0007172530740523876,0.003808283366897616
2014-01,0.16081040484570253,0.2112653968381635,0.10852744508502711,0.08858650162642626,0.025861909955508914,0.02616048001981717,0.2927870036861533,0.019123994391697274,0.05028260992064945,0.00523308089626362,0.004658380446376708,0.002667034092727756,0.0019144824293529138,0.0021212757661335994
2014-04,0.21060597004789805,0.20352290347305468,0.09175994026347482,0.09816904694256952,0.08485936978408724,0.06779943766872382,0.0764829060864072,0.07288146481993596,0.033946560984379856,0.028035436409353087,0.01725625398668292,0.009793043524570796,0.00134956106726376,0.0035381049415981517
2014-07,0.14577156632236565,0.1851122775742827,0.128064371186111,0.07558945831359926,0.03727674450360294,0.020214313308145465,0.3002229672169875,0.015011718858489748,0.07018874489145205,0.004046595035644631,0.007418804334308314,0.006635206355334939,0.0027952607881136975,0.001651971311562115
2014-10,0.20401037957701662,0.20326474306190745,0.08547519899089336,0.09331211616205583,0.08890985093241527,0.05829962933352806,0.07414350974857636,0.07185100352338342,0.035991825871881836,0.03686179085357576,0.03331655703167019,0.005329017957677025,0.0032614466938460053,0.005972930261572748
2015-01,0.22365205027749235,0.23812485651412535,0.0046937421257506095,0.09774853011284838,0.14528751833005357,0.031400510292268966,0.05883959428405114,0.058001037398654615,0.0017054337445843886,0.029061736928155134,0.03236849157520759,0.06657747766693123,0.0005985570028278699,0.011940463747048918
2015-04,0.17325039943796727,0.1908415931670489,0.09000805406211247,0.09506846345817235,0.10912148196061541,0.04943004672455346,0.07271485129571151,0.08421598587658838,0.02778876676314242,0.04817764979246371,0.040025572217171956,0.013032167614100029,0.0003108143297530109,0.006014153300599139
2015-07,0.13405968325381992,0.18526850267066194,0.1135390410231123,0.072317161300703,0.04580912683977075,0.03344767717216564,0.26990703205271055,0.016870333673132013,0.08759883447339221,0.01222962744627064,0.01602298044368266,0.007177159122491137,0.0025019273158547028,0.0032509132122325755
2015-10,0.1753528297782529,0.1684245483152014,0.08093736345248724,0.07861908593680522,0.12886046754111313,0.0482241914657095,0.06906792726993947,0.08641651283882838,0.027989834283235735,0.05956977662401715,0.037408488166974195,0.015574162969804881,0.003281456958132348,0.020273354399498487
2016-01,0.17468484285358513,0.16204385374933625,0.0822434593326248,0.08758144435040895,0.1230762852252951,0.05219265239145009,0.06281459835977457,0.08236620338540537,0.03391279928416414,0.06941096852771794,0.029132137272235667,0.014431130494423208,0.0026672514132212964,0.02344237336035758
2016-04,0.1776953775400231,0.17650027607956717,0.06808769225148137,0.11199752703292848,0.11361418647636286,0.03630530999343837,0.07059209660306702,0.09520068976846031,0.025550522026187013,0.06000117062541627,0.027399543169198445,0.022024448567115686,0.0027951151597518974,0.012236044707001827
2016-07,0.1890935274826226,0.16864449876173124,0.08594574864528172,0.09939031454139656,0.11564635779990713,0.039877350501564233,0.0594855353416026,0.08759128842675994,0.02346360121807184,0.0637244555096358,0.029900520592310898,0.021202330767561776,0.0029099762947584493,0.01312449411679539
2016-10,0.19440583022505126,0.17076727562722654,0.08132012379748074,0.10336391104873752,0.12061428183691224,0.031054192422314764,0.06428131674229624,0.09553609345092759,0.01845549309367421,0.059613787643555,0.023406427798129424,0.02370811935267244,0.002976685968243715,0.010496460992778442
2017-01,0.1940252596214962,0.1697134659575179,0.08884527169170964,0.08225115905768071,0.1269889227643081,0.031809235448611355,0.06264170431952097,0.10616897626405697,0.020544596547636802,0.05205254962208342,0.02555691997490889,0.024370430653582534,0.0013362763904292505,0.013695231686457272
2017-04,0.18917025440580637,0.15480974662349573,0.0990373011071079,0.09053037855646515,0.12093899458228473,0.04442270738663267,0.05916257521719927,0.09640115700803653,0.02791443840063744,0.060735862615630194,0.018441763558298945,0.022654629828319492,0.0021423121196203353,0.013637878590465348
2017-07,0.18853684220990902,0.16777777705763836,0.08870653063341351,0.08996310293889331,0.13032724040175514,0.03412902447304987,0.06576344897789844,0.1003416926825532,0.019210386821755576,0.05088809914475276,0.027405472895899,0.02397679780219332,0.005396553792684053,0.007577030167604542
2017-10,0.1818546372034478,0.17020655841908341,0.08530377274806492,0.08223639739224688,0.12720669809841212,0.042357941118725116,0.06672953990761989,0.09979134918801644,0.0195936677407185,0.05557309868298259,0.022594100343424135,0.022427807373539478,0.007428483874529259,0.01669594790918947
2018-01,0.1987252325040868,0.1990472572829493,0.0055537919561748274,0.09314730284029005,0.1448787195077902,0.03262414137773498,0.05492677044008976,0.09291410770924546,0.0024346266060945106,0.05314195049289419,0.021999328927184772,0.07252027504654607,0.00874231289295487,0.01934418241596421
2018-04,0.16939718050620595,0.17154819023214513,0.07542043641284142,0.11277833228624289,0.10958437128035325,0.04736033491668023,0.07242032156654245,0.09867566317937601,0.017072213177508254,0.06996338740146638,0.022867375485488273,0.022193572035908004,0.006233563624666471,0.004485057894575314
2018-07,0.18156275129139973,0.1787846280320959,0.08161239525760618,0.10448466114889159,0.11393544716781093,0.052599700221696716,0.06777484096299001,0.09455254185431813,0.019320794275153364,0.05553080094546967,0.01763660694926133,0.018554370585291465,0.005632676566634849,0.008017784741380264
2018-10,0.17424199313084882,0.18010613700028735,0.0926126334565807,0.11383841390910387,0.12073526242600652,0.05090694133311566,0.06338458694393154,0.0875677293972869,0.020048065825726706,0.04749330829139449,0.01608442674499065,0.01928564593140811,0.0081605719436289,0.005534283665689699
2019-01,0.18869667856066444,0.19198082930572943,0.10186354635371728,0.09674698421434157,0.11804373343497487,0.04861736251639231,0.06182213545460078,0.08388913704581413,0.019839084417524657,0.04571589027496669,0.017527090645447503,0.015692032900818248,0.005664719214315139,0.003900775660692895
2019-04,0.18826816427837204,0.17257833846680834,0.09952544343973056,0.09083143298886681,0.11785872180611484,0.046597718126919714,0.06339781786040795,0.08446904810802441,0.01921274486209909,0.049656815668470564,0.023252093585833848,0.021441937804091624,0.006634343055375535,0.016275379948884415
2019-07,0.18790322169493115,0.18693885387215275,0.11049621150767995,0.07939219385414788,0.11588205241896078,0.05095644623978581,0.060444582613778816,0.07690744691287138,0.022885336529024816,0.05429233345529225,0.025757786680303867,0.014518210807219182,0.0031673244786568984,0.010457998935194621
2019-10,0.1920630690113064,0.18513304433482924,0.09892685547435204,0.09493620221191525,0.11269504517686975,0.04502371066849212,0.06306027518456023,0.09176737072496055,0.021959434779303,0.044149456046107136,0.025970750691154315,0.014459625752327943,0.00041677329465300566,0.009438386649169106
2020-01,0.1897313568839885,0.1835303036231254,0.08972491910662021,0.09797331523976932,0.11318148369731199,0.041683147141466946,0.0668003706927943,0.10180266706682739,0.019065384630191883,0.04486543546142279,0.023100002289745063,0.015638810380861397,0.00013137041844138176,0.012771433367433565
2020-04,0.11068485763211146,0.1540209590271961,0.09274087654591587,0.11423093999329427,0.056893618572905105,0.023741342870735385,0.26064504576409386,0.03732686277275423,0.1023179939242049,0.015015264659295625,0.011939960315516982,0.014136455992348475,0.0007183440122377115,0.0055874779173900975
2020-07,0.183961879860625,0.1801389098018002,0.08397881104681816,0.10098060429910803,0.1196247879830538,0.04069285390629629,0.0710971880550449,0.08989263243661366,0.018742357788637438,0.05413495623004765,0.02254615830196465,0.017927842363518957,0.0014576611765778648,0.014823356749893537
2020-10,0.1721870486424955,0.17473967581159194,0.09093082106000613,0.09894216134878937,0.12996787388880027,0.04365482640230809,0.06765653613079048,0.08553993302085688,0.01856724783302329,0.061744716233853594,0.017803517374615947,0.01970740597437911,0.0010845594038721015,0.01747367687461728
2021-01,0.19069103562116393,0.1871185034006657,0.09217570793060484,0.09037737680102684,0.12283321467784183,0.043298933003718204,0.07009989881305868,0.07942286769978371,0.017984442393199216,0.06285565975217826,0.013609967919073134,0.01936025951465124,0.0003452011440023814,0.009826931329032092
