,매출총이익,총자본,영업이익,당기순이익,매출채권,판매 및 관리비,영업현금흐름,최대주주비율,경영권분쟁소송+최대주주변경카운트+불성실공시법인지정카운트+조회공시요구카운트+상호변경카운트+업종변경카운트,차입금의존도,결산기간_주가변동률,최대주주변경을수반하는주식담보제공금액+최대주주변경을수반하는주식양수도금액+타법인주식및출자증권취득결정금액+특수관계인에대한자금대여금액+BW금액+CB금액+유상증자금액,최대주주비율_변동성,결산기간_거래량증가
2012-01,0.17615563079739416,0.1445062706543067,0.13397113211832737,0.1087959627311218,0.10721540407598107,0.1026514565951472,0.07143313600022211,0.06427713896263215,0.02926456616808787,0.006497367886279412,0.017094945739352527,0.013520327521945374,0.019815553214573192,0.004801107534629117
2012-04,0.15544567175714233,0.12349910085953346,0.146143029420133,0.13202417154485768,0.07587924708555084,0.07372746111395563,0.06740693581591914,0.10374917496557343,0.043592553073756105,0.03017732184968169,0.012769597762122348,0.014313731240781549,0.020238727846259644,0.0010332756647332536
2012-07,0.17235409067609483,0.1425133282411029,0.13853356546077203,0.11756881892903828,0.09289122705685926,0.09308888427072814,0.06985504959438646,0.0808000096968535,0.032866400276129325,0.02195956281655649,0.01381163383989502,0.016159125997690458,0.006747429743776176,0.0008508734001171003
2012-10,0.15638475290016327,0.12720475042343235,0.14875754858416257,0.12721233839157875,0.08232966391175175,0.07836547725488566,0.07792472509750249,0.08998172511420836,0.031082545400657524,0.03813245927777251,0.015382095250435475,0.02076609144226327,0.005581051846191789,0.000894775104994366
2013-01,0.17399145311069122,0.14417142292194451,0.14268424857160106,0.11050265867161502,0.10230825460816126,0.09913856387630711,0.07331204801719898,0.06647645700798333,0.029502858928975792,0.023881785681484326,0.01712540638993261,0.01520851830803715,0.0010247961614373716,0.0006715277446302991
2013-04,0.172809843366838,0.13817563302697786,0.14460809455783108,0.11836141534607633,0.09182310257477852,0.09531225835623645,0.10178850589228464,0.04916582020570667,0.02336108182291452,0.030349060597026415,0.016695703000677135,0.01607856958163219,5.197429231351911e-05,0.001418937378706644
2013-07,0.18064792625943282,0.15217446557312517,0.14122545141644507,0.10389498330504891,0.10429286512004349,0.11647840951814382,0.08518051177227715,0.042220061881301646,0.01846215697744958,0.023092281477331163,0.020828289436475925,0.010004405633865841,0.0005810856651163579,0.0009171059639429735
2013-10,0.1815268576509565,0.15090066831014584,0.13562289842846958,0.10009444043508722,0.11048975683853686,0.11661631908220939,0.08013186520079109,0.04796569902191363,0.019215183697748137,0.023607337859485798,0.021912611605511938,0.006764565859435719,0.002096459767594551,0.003055336242113918
2014-01,0.15531514564345086,0.13129987225338882,0.1439814074796264,0.12633933305313594,0.08168638446700908,0.08295406367746967,0.08011264782559085,0.07636530125535226,0.026708965856030022,0.050122409014900664,0.016972805356991333,0.02088626303822243,0.004924339306115153,0.002331061772716525
2014-04,0.17749413970112213,0.15582004222743553,0.1279937660775478,0.09411532253432406,0.11832331982895362,0.12414766717735529,0.07795105476212955,0.04455257770886348,0.019979772978811393,0.015184638631262218,0.02453183605392492,0.009077314627949981,0.004616341147684822,0.006212206542635285
2014-07,0.18351357764649237,0.15640003665965235,0.12841917180390627,0.09213956975840448,0.1223821076342601,0.129679650782609,0.07276494908068869,0.03827918835003777,0.02498182818166119,0.010986784183407072,0.024263692967097666,0.006904258364374164,0.0014827038263239478,0.007802480761084987
2014-10,0.1794860002618636,0.15544495680773904,0.12435678983647565,0.09373734449122363,0.12261833756946276,0.1309144054911245,0.07374493431718487,0.04050272981224428,0.024555720889807054,0.009712752968018485,0.025536578015547772,0.007640321440249732,0.004600949737343466,0.007148178361715182
2015-01,0.17111232248601163,0.15282543120847336,0.12666924308031943,0.0910361457766664,0.12249074219249118,0.12125691564491355,0.08076044513825216,0.044738123851231174,0.03598951128726156,0.0074894583822761,0.0252272817012527,0.005081290692374598,0.007197356837263344,0.00812573172121291
2015-04,0.1682492284658771,0.15067216274246828,0.1337270991113569,0.09516870664546563,0.11418450409323164,0.11820932164694627,0.08262405468406978,0.045921583988394764,0.03857552344360329,0.005973521359325805,0.02083495908282046,0.011202832544567467,0.00461258572796908,0.010043916463903568
2015-07,0.17017102872531017,0.14667172103926193,0.13088212437629657,0.09299979500487825,0.11263970638865892,0.11677575640854482,0.08458353426288676,0.04555022713077985,0.037432244497148735,0.006906253845969134,0.020748225397904465,0.01353713104901802,0.008136412241348234,0.012965839631994316
2015-10,0.15768305885252132,0.14757970511971158,0.12250148062454716,0.09429064533898798,0.10527794300987758,0.11148084830537576,0.08689603583888435,0.05471812636642457,0.037055205363792365,0.008656713351097972,0.01990303094825102,0.022310241147902674,0.01929916861046074,0.012347797122164718
2016-01,0.16259151791637527,0.1477487441958752,0.11887106818162224,0.08545385289699697,0.11735813287800548,0.11983207784835484,0.08772905305745307,0.04923184083790755,0.03331176261930717,0.006342655178517367,0.02109432868751516,0.014155286013268029,0.024175287508279197,0.012104392180522398
2016-04,0.16409970235923277,0.14413011379215196,0.12999040324083663,0.10123898615506675,0.10886734912266208,0.11239510921585309,0.09546717871969469,0.04909463398436664,0.02775890115822997,0.0070591417356544416,0.023055465821353358,0.013914946711919294,0.015021245756762072,0.007906822226216307
2016-07,0.16532427135471478,0.14255863918826267,0.13226217697301929,0.10291539921365275,0.10489426786107098,0.1061357031910933,0.08108198727154688,0.06011357198826742,0.028027439280468962,0.010729067645495655,0.020527304401922034,0.018645672982582136,0.01786723109967752,0.008917267548225746
2016-10,0.1657485139013127,0.14616971978116797,0.1327831953826923,0.1064631490757245,0.1102639862219224,0.10845249636187046,0.08113924271565158,0.06501395659861106,0.02268489549923348,0.009422214824405832,0.021387121004880934,0.015489400225607833,0.011451128454134443,0.0035309799527844027
2017-01,0.15995599317381923,0.14537420110871957,0.13337388973092773,0.11180234955309937,0.11231638107332453,0.10609247736851936,0.08047191112788611,0.06948198519279754,0.022173413970475387,0.007773514241031466,0.023842374349434273,0.014323561648707225,0.011168428969668012,0.0018495184915904629
2017-04,0.1561299667176993,0.13382017567826815,0.13127270865474772,0.11299052524145238,0.10048887042041947,0.09753091062020444,0.07816539745619255,0.08694210451946716,0.02444417312525523,0.016144488066070023,0.020418015997647334,0.030340209905513973,0.010031832246404797,0.0012806213506574952
2017-07,0.15367030358631006,0.12884632406076735,0.12173985439201324,0.10514074196799272,0.1009890337967013,0.09736746805303537,0.0723488681937283,0.09577705665717148,0.0382868249357017,0.014140538225092139,0.01933727261424035,0.03088628636391076,0.017020849089864492,0.004448578063470715
2017-10,0.15338169243946587,0.13396913741490485,0.12490524268349856,0.10438883711058435,0.09933368720380463,0.09723130649377826,0.07037067921010531,0.09544850272330642,0.02980697940886649,0.016269080680809688,0.019915983947698473,0.031716666972023314,0.015469707067396646,0.007792496643757085
2018-01,0.15663914795766376,0.13131845528671335,0.11980480688067195,0.09695919828316682,0.09830485714587577,0.10121097414717882,0.06989795492231268,0.10023758127451658,0.025738490238636922,0.01804402777520745,0.01950376382190988,0.03338755096929315,0.017031930957322743,0.011921260339530244
2018-04,0.1638651950503116,0.12847399158830505,0.13188347259254296,0.10336174898158429,0.10067693418614118,0.10853720115389806,0.07898863831335687,0.08085636179404113,0.018628795765147838,0.018113384787217347,0.019926163703268007,0.026102131901171756,0.006674436852533288,0.013911543330480594
2018-07,0.16332942600184353,0.1326754034632672,0.1282181918677684,0.10312138674305213,0.1008817704515815,0.10792025188531859,0.08221919322273641,0.07497901230054414,0.014628589633494775,0.021135042268514974,0.02071085412727213,0.022874577276076093,0.008434842910452578,0.018871457848077606
2018-10,0.13386026362150938,0.11692418228256107,0.12249260205968235,0.11228777406901755,0.08777279057610489,0.0746038194947087,0.08897303810342837,0.10954435508108831,0.017297285630058553,0.051316969587185006,0.016385036701095673,0.03923994148998675,0.009207852011341723,0.02009408929223159
2019-01,0.14286875016545297,0.13159876658555472,0.11850499759043337,0.10227127142773645,0.10386907708062235,0.08605075669550254,0.07707852465700116,0.09526553976643187,0.02634546754592825,0.03279197358246285,0.020976414007025428,0.035086196981267186,0.0070254332070426445,0.02026683070753828
2019-04,0.1432176007018249,0.13368215822417712,0.12155579107126928,0.10698142134844087,0.09862422952873352,0.08493134994685544,0.09018248033617911,0.08998229861771213,0.026157942697725145,0.03208440484484597,0.020844779879346294,0.028336613768884234,0.011723913958082767,0.011695015075923266
2019-07,0.14013199466858903,0.12527810031984832,0.12227894726962496,0.1072049280610595,0.09027376984777202,0.07778405958519749,0.07871066614952259,0.09807516569414117,0.03316285901602252,0.044317110203590214,0.019136876126389656,0.03577598028589151,0.01430449157389609,0.013565051198454772
2019-10,0.1483895366853907,0.13045797058832723,0.11352449132085858,0.0958560208915611,0.0974732788852977,0.088907065030666,0.08528952117998227,0.10175864630081914,0.03679678293367437,0.03640422454040638,0.021369755939356,0.029910037031168346,0.007664525026258299,0.00619814364623397
2020-01,0.16935737622253946,0.13942477518840626,0.11773292636177887,0.08776439086839286,0.11698526804237991,0.1078031961447616,0.10054949548121914,0.07280267548163481,0.020629677642161136,0.014513853491510761,0.022341607891350656,0.01797595835845955,0.010026503561394872,0.0020922952640099355
2020-04,0.16359203338190834,0.13705391983427143,0.12636380013459797,0.09180384735154146,0.11507709890762055,0.10286257728432643,0.1095207027133252,0.06614085866161806,0.019451528657591876,0.016624725210365544,0.022602750123979103,0.01864280416628188,0.009014419690270805,0.0012489338823013793
2020-07,0.16329971584330666,0.13448717518332862,0.1282935068476261,0.09739584959138055,0.11672941612277986,0.1025498507762463,0.11087383131455146,0.06988557619511239,0.01705155001214017,0.011896047665374745,0.02344209723430325,0.018236854551514216,0.00518644655055301,0.0006720821117827458
2020-10,0.1635763657758411,0.138159001705374,0.13169947755430672,0.10851301268275533,0.11589337889097616,0.10261106978632548,0.10337089980251711,0.06431023784232902,0.012482832162492822,0.014571479931021798,0.022878068330445672,0.017758245175849258,0.003571174929742829,0.0006047554300227661
2021-01,0.1490984566995017,0.12695508415251802,0.13492104631860316,0.12395720896606573,0.0985180603187986,0.08391263506678011,0.09517696550045984,0.0791023220044026,0.011248610062316788,0.039707924224834955,0.020232786881299664,0.033295229703629865,0.0032355826265131255,0.0006380874742758715
