,매출총이익,총자본,영업이익,당기순이익,매출채권,판매 및 관리비,영업현금흐름,최대주주비율,결산기간_주가변동률,차입금의존도,조회공시요구카운트,BW금액,최대주주변경카운트,최대주주비율_변동성,유상증자금액,불성실공시법인지정카운트,상호변경카운트,결산기간_거래량증가,타법인주식및출자증권취득결정금액,CB금액,최대주주변경을수반하는주식양수도금액
2012-01,0.16768123271307556,0.13335821100824555,0.15566823266103125,0.13630318721040607,0.08252592357214811,0.0819306829533578,0.07019086268619143,0.07818767780105254,0.014416346925417182,0.023523205095130437,0.014304614466030229,0.010398737171440088,0.0015771029500185562,0.020397403802042115,0.0017251861852705462,0.0022631347097788555,3.212952720301621e-06,0.0027435932180550912,0.0008223697102500793,0.0015041186375067696,0.00047496357083141286
2012-04,0.1712449246975853,0.14082043267559735,0.14314943889864667,0.12459313504362274,0.08621506004116489,0.08759395136602927,0.06893413144775776,0.08281032619305581,0.013250707118544711,0.01937147152047066,0.02158766723338128,0.008087502297871434,0.0038738859834483554,0.021322175734226435,0.002721032492309513,0.0020170063562187242,9.805862434893338e-05,0.000849615975457847,0.0004717793424442529,0.0004303418740054984,0.000557355083812657
2012-07,0.13813678371524338,0.11352511127094843,0.14092648338689498,0.13699560704779803,0.06394566063424872,0.06451754706815727,0.07089352083669208,0.12118700745503441,0.013500324056958215,0.06686852454220832,0.02212173881729081,0.016303330792759835,0.004895711048031609,0.014642362742236355,0.0037925896531167875,0.003636469230357269,0.0004172534871561541,0.0010093265459871436,0.0014396736444548597,0.0006429122522477529,0.0006020617721775559
2012-10,0.16852774327604686,0.1343701639387332,0.15212717155877103,0.12388121723309886,0.0912840823111909,0.08980924521228323,0.08433365490350182,0.0742854955042504,0.01602606518610819,0.02715102600888873,0.013034877024515105,0.012410731174751966,0.002333976159003293,0.001862403979781723,0.002554750292687624,0.0018695483334804299,0.0007051103789325231,0.0018483034615817432,0.0006781520788497648,0.000329725478155289,0.0005765565053873912
2013-01,0.17879237328495082,0.1477428232977025,0.14007394883335722,0.1071070872656591,0.10589223537703941,0.10506338637927592,0.07556092388154179,0.06586402778541856,0.018628420358554092,0.018023900318780803,0.013192457149640633,0.011371225035995514,0.0030027012617401686,0.0021869882424486935,0.0019999771881683615,0.0019786475931195444,0.0010134056703281803,0.0007363400816941656,0.0006435294872877112,0.0005735271444826242,0.0005520743628140835
2013-04,0.181979452112428,0.15943022350201505,0.12640467064863153,0.09564060514545467,0.124870804136154,0.12413403937574811,0.09166859424441455,0.045412926712824646,0.02163267111183332,0.007153819087911943,0.004099227012761346,0.008299911265396864,0.003159718342626031,0.00022994235369642825,0.0012262600890154656,0.0014211459746708548,0.0008533110425507874,0.0003806313801315144,0.0004713232027948786,0.0010747544022566332,0.0004559688566833207
2013-07,0.18021411573670798,0.14475963595205874,0.149274860369835,0.11125761463160513,0.0964673575923599,0.1075207758359732,0.09144541802410747,0.04544633036736455,0.018815041468158482,0.028405757272922015,0.008529991828466971,0.003934028656390396,0.0028648422004906625,0.0007019405012528163,0.0017561912546106377,0.0011478275027445347,0.0007331639729991134,0.0018915245285781087,0.00045728157831032967,0.004108766242405125,0.00026753448265886854
2013-10,0.1673949476048621,0.14042905564602698,0.14608760698719228,0.11518316238791379,0.09146618799125034,0.09334403063897186,0.0859498496531674,0.06466862496523515,0.01772537182870664,0.039927477125646905,0.01076866229467764,0.0003335319140243414,0.00418285486163957,0.007257865983478997,0.0029601926421922503,0.0015659063691731542,0.0005635578126748809,0.0035353874923192757,0.000329487734593695,0.0060883447799629335,0.00023789328628970227
2014-01,0.1817983020627899,0.16504038770503418,0.11980575353739532,0.08956577034882375,0.13067110500738865,0.130679272463336,0.07664477097336402,0.04969184767601873,0.02415349542845452,0.011754771501919009,0.006247423548280363,0.0002443934224461641,0.0018349292738927734,0.0007941247328246328,0.001578521117937312,0.0011435880150625732,0.0003269019358851076,0.002738197469821866,0.000492383156013212,0.004649232849238954,0.00014482777407302927
2014-04,0.17697606025733045,0.15490319121557272,0.13276374452782752,0.09990515731217822,0.11558783382573073,0.12121221272335099,0.07923694085327254,0.04439993565889973,0.02484154397473886,0.020475408745876913,0.008905256334699347,0.0001815631779188541,0.0019010878643375886,0.004439933488074825,0.001142464167762098,0.0005484800864208537,0.00044623121882110024,0.00519208250959153,0.00045827032411040246,0.006225034159439962,0.00025756757404460454
2014-07,0.18231243220609852,0.16073004371357755,0.1284792085176944,0.09251118276775695,0.12632554811875646,0.12897660637788175,0.07389922523948729,0.03730437209515628,0.025995592139708423,0.010367521909633037,0.010865383212044354,7.128332618781725e-05,0.0025578058256851793,0.0018536317411596082,0.001061813473131004,0.0006993215390785594,0.0010032145070995016,0.008098184518731845,0.00061129618375413,0.005769840560802098,0.0005064920265752508
2014-10,0.1763324157070342,0.15687346947807515,0.1258073105740478,0.09736854745641685,0.12082432001849075,0.1270582919163961,0.07680193685937682,0.04262404839865016,0.02588838858537137,0.010995654714133071,0.011955243065263374,3.137681944636316e-05,0.0022307352269315146,0.004658718065521082,0.0006443332592675927,0.0006716558104933744,0.0006765159887967878,0.007626996654494002,0.00045014191874200103,0.009231007216037567,0.0012488922670139682
2015-01,0.16689815661465707,0.15205616325192767,0.12740085777934207,0.09383693950923917,0.11899537063184784,0.11586692589510045,0.0809249864148161,0.05460598910454524,0.02558303193473014,0.010805014045830305,0.017136080227039538,4.9386817635875094e-05,0.004625560213206601,0.007797564646239204,0.00028741152535090883,0.0009304146406886723,0.0006073346054149103,0.00671857104384489,0.0004227224875608088,0.012474624596024017,0.001976894014958473
2015-04,0.16900320815852404,0.1487548576202143,0.13930722081233549,0.10276085664114767,0.10545636005637263,0.1155434272924557,0.08239296820975262,0.04578849325993751,0.020198531961234546,0.01167688256822015,0.018186698751942433,5.495516334404884e-05,0.005958236458024988,0.0035697026291237506,0.0008541762089013677,0.0010998742569772147,0.00046553499153411586,0.01059910904273248,0.0004875395065122924,0.015817194040104877,0.00202417237060782
2015-07,0.16560861182568423,0.14945898567026253,0.1293240035718418,0.0939199272159527,0.11757153301974635,0.11744616044727262,0.08615322751967618,0.04699026128192643,0.020536457830425067,0.00613856596389543,0.017456820039564416,0.00014326403758946495,0.0055864452352567,0.008787913643082146,0.0007590610482604888,0.001263966147137938,0.0007643094228767533,0.009793193856192284,0.001087839709003111,0.018999456585469105,0.0022099959288844114
2015-10,0.15631097125084575,0.1462984943055309,0.12111814252000574,0.09275351366894566,0.10649963886068273,0.11031264950042746,0.08562887369837571,0.05955210995838995,0.018632171020723582,0.0090396753605627,0.019637182988789973,0.00025563799863475623,0.0077202235599901844,0.023375912827349937,0.0006303590427367282,0.0012755953453103476,0.0009561990588870045,0.009576304304760032,0.0024608579088717907,0.025567011966897837,0.002398474853281212
2016-01,0.1605418254045899,0.14394495543148458,0.1168341850567243,0.08460238977444101,0.1131428195390694,0.11582062061413341,0.08692663227355263,0.05996011540571207,0.02015792802851685,0.007011098953505849,0.015011290825474853,0.00013726961813104364,0.007754636498561203,0.027074321212196915,0.000341996249458801,0.0015460194294035286,0.00084435665101987,0.009687843891648892,0.0013055060000692624,0.025364901339000778,0.0019892878033046595
2016-04,0.16519266118837195,0.1420163433387693,0.12840050410095685,0.09946621766065804,0.10662856270221255,0.11391240932020356,0.09344068705020218,0.05377770942798187,0.02135660327459096,0.007929007771089005,0.011320657341159357,0.00018547485065084952,0.00768926399265665,0.012666246196621754,0.00020200028430175933,0.001984351623049753,0.0015994902461941487,0.007049103858215222,0.0008418173906446402,0.022250689800042082,0.0020901985814276254
2016-07,0.16163794466915563,0.1420415258021446,0.13164661696563373,0.10479411627392853,0.1031846098739293,0.10226673813391823,0.08233382755608634,0.06495342299546589,0.02133803995097442,0.011873372283567373,0.010635904954644483,0.00017899475330233745,0.008319078239963069,0.01650027981685164,0.0009811790567096437,0.0022057798346748793,0.0009580739123617565,0.007161624150061455,0.0023480091682564867,0.023278815893297652,0.0013620457150725813
2016-10,0.16144765248400755,0.1430240875345076,0.13162283270546957,0.11048161094929086,0.1090112431159961,0.10442019359979984,0.08190259375302673,0.07103803407439095,0.020297709228582123,0.010017146987329865,0.007290656470280627,0.00016834059780129607,0.00654881593607124,0.011097293034774223,0.0009254813841079013,0.002225139997548756,0.0005632728108637592,0.0038475628648056586,0.0015692743160760146,0.02146714342347485,0.0010339147317945027
2017-01,0.16228388282501097,0.15121324208822515,0.12992559265538614,0.10988704990912954,0.11447371903361914,0.10974174686132479,0.0805987980487111,0.0655915209952968,0.022841622530797676,0.007051943337655927,0.0067155720042489,0.000187319044953736,0.0053684775942511405,0.010063125468172113,0.0006503234001080768,0.001801705654474276,0.0004150278206398475,0.0018588525051955352,0.000598625816086959,0.018106829236600376,0.000625023170111624
2017-04,0.15988105358834706,0.13867190144214744,0.12965922617151623,0.1106001966725527,0.10662859663556286,0.10171138697903824,0.07657025618979514,0.08215005433584835,0.02138746093839806,0.014112383673991693,0.007479294982483327,0.00023620001645217108,0.007096368679222608,0.011000955308201802,0.0009512294938939979,0.0015022083517102415,0.000558811654307186,0.0011237748587857566,0.0017548629763553432,0.02561181732547794,0.0013119597259119889
2017-07,0.15560505582184075,0.13717027728234094,0.12267608455188125,0.10671298072583417,0.10628290286126371,0.10121529477468913,0.07184699252456211,0.08710603436947928,0.021208645028847173,0.0135295334535495,0.007599302943348568,0.0003516538735348846,0.009395473256370745,0.01774521017917488,0.00048773876518866095,0.002761040034201527,0.0012329210036295258,0.006993752500483581,0.0032021388130803415,0.025409997784772605,0.0014669694519267246
2017-10,0.15226237324379346,0.1334835963624128,0.12234179363862954,0.10304072767133757,0.09822223387143764,0.09737885346944423,0.07230661586948141,0.09630346725774215,0.020564209743507728,0.017417033047270655,0.005612502352663862,0.0003712623890416901,0.00881278812578672,0.017860036810703597,0.0004222416870417611,0.0025136124990168458,0.0010967370908023797,0.009243498108313259,0.0036850959397592715,0.03542881029913577,0.0016325105226775067
2018-01,0.15687923228907577,0.13313373514387306,0.11833941962384979,0.09630952474768145,0.1014189585980601,0.10186598834201119,0.07329111653979754,0.09943694241779484,0.020026175189919407,0.017601585876523364,0.0037689554819621473,0.00044245816902208285,0.008344603653259314,0.016429488230999312,0.0002891780917100826,0.0028476936880317823,0.001110081138805964,0.010383357602978281,0.0029399630464212348,0.03322803681271409,0.0019135053155093168
2018-04,0.16622006547097176,0.12862168770337898,0.12989889467622942,0.09933222032199844,0.10390719642564807,0.11175039997091696,0.07677597132736842,0.0788238145626566,0.02057442196694508,0.01556911240541082,0.0025440187514934663,0.0003152149793980661,0.005524033774456609,0.00788145048466269,0.0005266138737955025,0.0026133207423284298,0.0006230134759613582,0.015732182193114678,0.0018028562409542245,0.029622161521145243,0.001341349131165092
2018-07,0.16181146390596343,0.13340435197251727,0.12495674371891692,0.09997495304514806,0.1014764076459539,0.10761135625517466,0.0832110884212152,0.0782580213824468,0.021003643577031734,0.021955725946957848,0.00221041712683323,0.000277889240873505,0.0033937922269782197,0.008650441354486399,0.0004196498755305542,0.0032304610875551797,0.0005968011169627025,0.018800050112290433,0.0022437019769823213,0.025737881681481604,0.0007751583286999912
2018-10,0.1394985047133421,0.12433974474154708,0.11490529794738269,0.10004932915772075,0.09718093294008538,0.08289068949311938,0.08393951339378602,0.10568350105009401,0.019400722428232212,0.04002287048547663,0.0014892098098780412,0.0002795767595150193,0.005856522171416897,0.00826097476580413,0.0008130249895777333,0.004624805790669191,0.0012051389201746408,0.029404312320338258,0.003559841577635221,0.03553396564178745,0.0010615209024170907
2019-01,0.1501311204441109,0.13847973384655485,0.1173094493058827,0.0981194965809606,0.10951670226142272,0.09386387756653859,0.07577671682931197,0.09467636349000992,0.02132700596218822,0.023979949442297623,0.003604642274707018,0.00018913059055861693,0.00823732199040134,0.00611706621193541,0.0008645596795536617,0.003999427037428087,0.0012266723903882294,0.016814635117999067,0.0023534113889591432,0.032055283557277665,0.0013574340315138207
2019-04,0.14264912518349684,0.13354213946338048,0.11648217476288446,0.10277166976417836,0.0995875901329252,0.08650047720671973,0.0873787237381383,0.09967691806347578,0.021809793070553606,0.030879404948528515,0.004497442124355716,0.00014021189505770713,0.010324313738945344,0.011593771027036721,0.000688261226505596,0.003984898143637262,0.000921695050623983,0.015159564103850026,0.0030405678267741484,0.027065574426977577,0.00130568410195479
2019-07,0.14262909782197536,0.1267782788930705,0.12238575912480495,0.1049456410387855,0.09310980565204434,0.08061631109733572,0.07962497922077433,0.10015291920493809,0.02015192922605859,0.04218486226880843,0.004493242234912901,0.00027386606402474037,0.0118393632721957,0.014450307180361648,0.0012032331601534712,0.003273874613931807,0.0013223525017738548,0.016596464263112752,0.003692854582186751,0.029535783387862502,0.000739075190888274
2019-10,0.1714360623671743,0.14104822281034382,0.11977918302934658,0.09088847953858675,0.11158735117995369,0.10964163901553428,0.09251181176777436,0.07356560952770647,0.021149053099857915,0.019256499536397197,0.005803017436128559,0.00018333209803431973,0.0075532587825765905,0.007262759350784688,0.0007276713719070124,0.0022885461304808334,0.0009327711060633024,0.003158936422085978,0.0011350554714674485,0.019561089939585836,0.0005296500182102034
2020-01,0.16720567856679885,0.14420785381790172,0.11650515343045345,0.08798532082015269,0.11877362213633953,0.10902940860670435,0.10533685828797558,0.07128885291681483,0.022827629474678438,0.013677012817852656,0.003567241576898126,0.00016985421852520703,0.004491929935645625,0.010429671508901853,0.0011930765584364017,0.0026876834494518787,0.0006953981239717169,0.001787368366871395,0.0010672370231394805,0.01657117078757264,0.0005019775749135764
2020-04,0.16929368913881815,0.14083074775628218,0.12397972644345268,0.08520271898786878,0.12402459580106563,0.11349392113060797,0.11167897426774703,0.060030038142770824,0.026379435895139157,0.0080489958013929,0.003212530180802448,0.0003253881926912863,0.004132242912206126,0.00822275640772267,0.0020161450634796885,0.001967969036698296,0.0006812247818538608,0.0013834190296579483,0.000980903078215501,0.013719530731244694,0.0003950472202822284
2020-07,0.1627973813212086,0.13702635261629428,0.12510827229615565,0.09586295264277706,0.11752442498740573,0.10482966170739494,0.11206599079452992,0.06983127183233931,0.023370853437569995,0.012187315258137906,0.0021989679594016254,0.0003198063825634123,0.0033393083727508172,0.003520352714043444,0.0024447445444926046,0.002189944653501387,0.0010596329769616995,0.0010072041962539244,0.0018549304789758066,0.020788013228258396,0.000672617598983662
2020-10,0.16264654763751418,0.13687480679121888,0.12947053918949242,0.10782827326564401,0.11402612304887019,0.1023282386170645,0.1015634906939963,0.06548381324900274,0.023229129343764934,0.015759085913769302,0.0009644899458500225,0.00044460413791562605,0.003221623257071619,0.003425531414416456,0.0027482478885998136,0.0019557961337167418,0.0006824051755009001,0.0010076748471142868,0.002041996764409242,0.023822008880032518,0.0004755738050353618
2021-01,0.1583748269934422,0.13406232956049535,0.1305416071829857,0.11670761933143062,0.11218283597060717,0.0968229815754852,0.09191607997142408,0.07174366417885404,0.022795964069633773,0.022731342680554278,0.0006897830548762803,0.00045886459823947924,0.0030840160499449377,0.0028757970847469298,0.0031802492058359204,0.0013693510996580349,0.00042359556096209657,0.0013182366122983951,0.0018194338012289626,0.026574228150730825,0.0003271932665657887
